# TSP data of 16 cities from http://elib.zib.de/pub/mp-testdata/tsp/tsplib/tsp/ulysses16.tsp

distance_matrix = [
    [0.0, 518.39, 494.34, 325.04, 1036.07, 727.52, 639.31, 79.94, 1024.67, 710.51, 2281.83, 463.03, 444.19, 468.89, 623.49, 145.05],
    [518.39, 0.0, 130.76, 453.77, 1549.88, 1235.63, 1135.86, 547.2, 1456.73, 1125.57, 2773.74, 961.51, 949.96, 983.52, 1138.3, 567.46],
    [494.34,  130.76, 0.0, 514.49, 1528.98, 1182.92, 1075.94, 540.59, 1366.87, 1035.8, 2701.68, 905.89, 899.42, 941.08, 1116.56, 509.76],
    [325.04,  453.77, 514.49, 0.0, 1189.85, 984.09, 918.31, 276.79, 1335.79, 1030.53, 2539.74, 748.77, 720.68, 721.92, 798.99, 465.39],
    [1036.07, 1549.88, 1528.98, 1189.85, 0.0, 476.75, 595.08, 1003.09, 869.5, 881.87, 1468.44, 691.11, 676.13, 613.35, 412.59, 1038.33],
    [727.52, 1235.63, 1182.92, 984.09, 476.75, 0.0, 125.07, 728.9, 486.61, 407.58, 1558.85, 277.21, 285.69, 263.43, 298.57, 673.34],
    [639.31, 1135.86, 1075.94, 918.31, 595.08, 125.07, 0.0, 651.59, 463.8, 305.38, 1643.13, 176.43, 198.25, 207.29, 342.55, 569.12],
    [79.94, 547.2, 540.59, 276.79, 1003.09, 728.9, 651.59, 0.0, 1059.33, 754.59, 2287.6, 478.12, 453.43, 465.85, 592.58, 218.22],
    [1024.67, 1456.73, 1366.87, 1335.79, 869.5, 486.61, 463.8, 1059.33, 0.0, 331.37, 1368.28, 599.96, 635.64, 666.17, 783.3, 912.66],
    [710.51, 1125.57, 1035.8, 1030.53, 881.87, 407.58, 305.38, 754.59, 331.37, 0.0, 1683.59, 348.66, 389.05, 445.51, 640.18, 588.92],
    [2281.83, 2773.74, 2701.68, 2539.74, 1468.44, 1558.85, 1643.13, 2287.6, 1368.28, 1683.59, 0.0, 1819.53, 1837.87, 1822.25, 1763.92, 2206.82],
    [463.03, 961.51, 905.89, 748.77, 691.11, 277.21, 176.43, 478.12, 599.96, 348.66, 1819.53, 0.0, 40.4, 106.61, 338.48, 396.67],
    [444.19, 949.96, 899.42, 720.68, 676.13, 285.69, 198.25, 453.43, 635.64, 389.05, 1837.87, 40.4, 0.0, 72.78, 309.16, 389.78],
    [468.89, 983.52, 941.08, 721.92, 613.35, 263.43, 207.29, 465.85, 666.17, 445.51, 1822.25, 106.61, 72.78, 0.0, 236.74, 434.77],
    [623.49, 1138.3, 1116.56, 798.99, 412.59, 298.57, 342.55, 592.58, 783.3, 640.18, 1763.92, 338.48, 309.16, 236.74, 0.0, 631.92],
    [145.05, 567.46, 509.76, 465.39, 1038.33, 673.34, 569.12, 218.22, 912.66, 588.92, 2206.82, 396.67, 389.78, 434.77, 631.92, 0.0]
]